%YAML 1.0
---
#common parameters
#support: 1 imu 1 cam; 1 imu 2 cam; 2 cam;
imu: 1
num_of_cam: 2

imu_topic: "/imu/data_raw"
image0_topic: "/cam/2/data_raw"
image1_topic: "/cam/1/data_raw"
output_path: "/home/wuko/"

cam0_calib: "cam1.yaml"
cam1_calib: "cam2.yaml"
image_width: 640
image_height: 480


# Extrinsic parameter between IMU and Camera.
estimate_extrinsic: 1   # 0  Have an accurate extrinsic parameters. We will trust the following imu^R_cam, imu^T_cam, don't change it.
                        # 1  Have an initial guess about extrinsic parameters. We will optimize around your initial guess.
                        # 2  no parameters
body_T_cam0: !!opencv-matrix
   rows: 4
   cols: 4
   dt: d
   data: [-0.02992164850869322, -0.9994448704678526, -0.014650796770801555, 0.035054569586035485,
          0.9983824536480664, -0.03059233729916383, 0.0479226996969095, -0.007031815887516544,
          -0.04834429850756139, -0.013193172252013444, 0.9987435952273938, -0.012689528156678374,
          0.0, 0.0, 0.0, 1.0]
body_T_cam1: !!opencv-matrix
   rows: 4
   cols: 4
   dt: d
   data: [-0.023316488541435254, -0.9996948947551485, 0.008152224395187172, -0.06030523877384638,
          0.9989871177675167, -0.022984523909758192, 0.038683978533641056, -0.007201160813742438,
          -0.03848480085236983, 0.009045941694158843, 0.9992182399467191, -0.012071358506336165,
          0.0, 0.0, 0.0, 1.0]

#Multiple thread support
multiple_thread: 1

#feature traker paprameters
max_cnt: 100            # max feature number in feature tracking
min_dist: 20            # min distance between two features
freq: 10                # frequence (Hz) of publish tracking result. At least 10Hz for good estimation. If set 0, the frequence will be same as raw image
F_threshold: 1.0        # ransac threshold (pixel)
show_track: 1           # publish tracking image as topic
flow_back: 0            # perform forward and backward optical flow to improve feature tracking accuracy

#optimization parameters
max_solver_time: 0.04  # max solver itration time (ms), to guarantee real time
max_num_iterations: 8   # max solver itrations, to guarantee real time
keyframe_parallax: 10.0 # keyframe selection threshold (pixel)

#imu parameters       The more accurate parameters you provide, the better performance
acc_n: 0.04729785456785076           # accelerometer measurement noise standard deviation.
acc_w: 0.0004899270029257425         # accelerometer bias random work noise standard deviation.
gyr_n: 0.001041897194030629         # gyroscope measurement noise standard deviation.
gyr_w: 2.671710771922125e-05      # gyroscope bias random work noise standard deviation.
g_norm: 9.7985    # gravity magnitude(青岛)

#unsynchronization parameters
estimate_td: 0                      # online estimate time offset between camera and imu
td: 0.0                             # initial value of time offset. unit: s. readed image clock + td = real image clock (IMU clock)
